
          ----Time evolution at specified elements----

 
   Unit: 
    - Aqueous species: Total concencentrations in mol/L     
    - Component in dry nodes in mol/L medium
    - SMco2: Total CO2 sequstered in mineral phases in  kg/m**3 medium
    - Permeability in  m**2
    - Minerals: Changes of abundance in volume fraction      
    - Gas: Partial pressure (bar)
 
ELEM    Time(yr)        Sg         Sl      T(C)     pH       SMco2     Porosity    Perm(m^2)  t_h2o       t_ca+2      t_mg+2      t_na+       t_k+        t_fe+2      t_sio2(aq)  t_hco3-     t_so4-2     t_alo2-     t_cl-       anhydrite   halite      calcite     magnesite   quartz      dolomite-2  kaolinite   siderite-2  ankerite-2  pyrite-2    dawsonite   illite      oligoclase  smectite-na k-feldspar  chlorite    hematite    smectite-ca albite~low  co2(g)      chg.bal.(eq
    1 0.000000E+00 0.9484E+00 0.5160E-01 120.000   7.019  0.0000E+00  0.9700E+00  0.1000E-16  0.0000E+00  0.0000E+00  0.0000E+00  0.0000E+00  0.0000E+00  0.0000E+00  0.0000E+00  0.0000E+00  0.0000E+00  0.0000E+00  0.0000E+00  0.0000E+00  0.0000E+00  0.0000E+00  0.0000E+00  0.0000E+00  0.0000E+00  0.0000E+00  0.0000E+00  0.0000E+00  0.0000E+00  0.0000E+00  0.0000E+00  0.0000E+00  0.0000E+00  0.0000E+00  0.0000E+00  0.0000E+00  0.0000E+00  0.0000E+00  0.5492E-01  0.0000E+00
    1 0.342239E-04 0.9484E+00 0.5160E-01 120.000   3.682 -0.3243E-03  0.9701E+00  0.1000E-16  0.5259E+02  0.1962E+00  0.4269E-01  0.1811E+01  0.1509E-01  0.9425E-10  0.8677E-12  0.9759E+00  0.8498E-02  0.1016E-11  0.2286E+01  0.4144E-06 -0.1228E-03 -0.1468E-07  0.0000E+00  0.0000E+00 -0.2277E-06  0.0000E+00  0.0000E+00  0.0000E+00  0.0000E+00  0.0000E+00  0.0000E+00  0.0000E+00  0.0000E+00  0.0000E+00  0.0000E+00  0.2402E-16  0.0000E+00  0.0000E+00  0.2450E+03 -0.3204E-02
    1 0.570398E-04 0.9484E+00 0.5160E-01 120.000   3.699 -0.5360E-03  0.9702E+00  0.1001E-16  0.5259E+02  0.1964E+00  0.4273E-01  0.1868E+01  0.1509E-01  0.9422E-10  0.8677E-12  0.9711E+00  0.8674E-02  0.1016E-11  0.2342E+01  0.0000E+00 -0.2007E-03 -0.2404E-07  0.0000E+00  0.0000E+00 -0.3766E-06  0.0000E+00  0.0000E+00  0.0000E+00  0.0000E+00  0.0000E+00  0.0000E+00  0.0000E+00  0.0000E+00  0.0000E+00  0.0000E+00  0.4393E-16  0.0000E+00  0.0000E+00  0.2450E+03 -0.3204E-02
    1 0.684478E-04 0.9484E+00 0.5160E-01 120.000   3.707 -0.6412E-03  0.9702E+00  0.1001E-16  0.5259E+02  0.1965E+00  0.4275E-01  0.1894E+01  0.1509E-01  0.9421E-10  0.8677E-12  0.9689E+00  0.8674E-02  0.1016E-11  0.2369E+01  0.0000E+00 -0.2378E-03 -0.2865E-07  0.0000E+00  0.0000E+00 -0.4506E-06  0.0000E+00  0.0000E+00  0.0000E+00  0.0000E+00  0.0000E+00  0.0000E+00  0.0000E+00  0.0000E+00  0.0000E+00  0.0000E+00  0.5459E-16  0.0000E+00  0.0000E+00  0.2450E+03 -0.3204E-02
    1 0.114080E-03 0.9484E+00 0.5161E-01 120.000   3.737 -0.1054E-02  0.9704E+00  0.1001E-16  0.5260E+02  0.1965E+00  0.4284E-01  0.1996E+01  0.1509E-01  0.9413E-10  0.8677E-12  0.9607E+00  0.8674E-02  0.1016E-11  0.2471E+01  0.0000E+00 -0.3788E-03 -0.4639E-07  0.0000E+00  0.0000E+00 -0.7416E-06  0.0000E+00  0.0000E+00  0.0000E+00  0.0000E+00  0.0000E+00  0.0000E+00  0.0000E+00  0.0000E+00  0.0000E+00  0.0000E+00  0.1063E-15  0.0000E+00  0.0000E+00  0.2450E+03 -0.3204E-02
    1 0.171119E-03 0.9484E+00 0.5161E-01 120.000   3.772 -0.1556E-02  0.9705E+00  0.1002E-16  0.5261E+02  0.1967E+00  0.4295E-01  0.2112E+01  0.1509E-01  0.9401E-10  0.8677E-12  0.9518E+00  0.8674E-02  0.1016E-11  0.2586E+01  0.0000E+00 -0.5390E-03 -0.6723E-07  0.0000E+00  0.0000E+00 -0.1096E-05  0.0000E+00  0.0000E+00  0.0000E+00  0.0000E+00  0.0000E+00  0.0000E+00  0.0000E+00  0.0000E+00  0.0000E+00  0.0000E+00  0.1935E-15  0.0000E+00  0.0000E+00  0.2450E+03 -0.3204E-02
    1 0.285199E-03 0.9484E+00 0.5162E-01 120.000   3.833 -0.2524E-02  0.9708E+00  0.1002E-16  0.5263E+02  0.1969E+00  0.4315E-01  0.2304E+01  0.1508E-01  0.9367E-10  0.8677E-12  0.9378E+00  0.8673E-02  0.1016E-11  0.2778E+01  0.0000E+00 -0.8049E-03 -0.1058E-06  0.0000E+00  0.0000E+00 -0.1780E-05  0.0000E+00  0.0000E+00  0.0000E+00  0.0000E+00  0.0000E+00  0.0000E+00  0.0000E+00  0.0000E+00  0.0000E+00  0.0000E+00  0.4505E-15  0.0000E+00  0.0000E+00  0.2450E+03 -0.3204E-02
    1 0.342239E-03 0.9484E+00 0.5162E-01 120.000   3.859 -0.2992E-02  0.9709E+00  0.1003E-16  0.5263E+02  0.1970E+00  0.4325E-01  0.2385E+01  0.1508E-01  0.9343E-10  0.8676E-12  0.9323E+00  0.8673E-02  0.1016E-11  0.2859E+01  0.0000E+00 -0.9166E-03 -0.1236E-06  0.0000E+00  0.0000E+00 -0.2112E-05  0.0000E+00  0.0000E+00  0.0000E+00  0.0000E+00  0.0000E+00  0.0000E+00  0.0000E+00  0.0000E+00  0.0000E+00  0.0000E+00  0.6323E-15  0.0000E+00  0.0000E+00  0.2450E+03 -0.3204E-02
    1 0.570398E-03 0.9484E+00 0.5164E-01 120.000   3.948 -0.4774E-02  0.9713E+00  0.1004E-16  0.5265E+02  0.1974E+00  0.4364E-01  0.2634E+01  0.1508E-01  0.9181E-10  0.8676E-12  0.9162E+00  0.8673E-02  0.1016E-11  0.3108E+01  0.0000E+00 -0.1263E-02 -0.1875E-06  0.0000E+00  0.0000E+00 -0.3377E-05  0.0000E+00  0.0000E+00  0.0000E+00  0.0000E+00  0.0000E+00  0.0000E+00  0.0000E+00  0.0000E+00  0.0000E+00  0.0000E+00  0.1867E-14  0.0000E+00  0.0000E+00  0.2450E+03 -0.3204E-02
    1 0.684478E-03 0.9484E+00 0.5164E-01 120.000   3.985 -0.5629E-02  0.9714E+00  0.1004E-16  0.5265E+02  0.1976E+00  0.4382E-01  0.2717E+01  0.1508E-01  0.9057E-10  0.8676E-12  0.9114E+00  0.8672E-02  0.1016E-11  0.3191E+01  0.0000E+00 -0.1377E-02 -0.2165E-06  0.0000E+00  0.0000E+00 -0.3986E-05  0.0000E+00  0.0000E+00  0.0000E+00  0.0000E+00  0.0000E+00  0.0000E+00  0.0000E+00  0.0000E+00  0.0000E+00  0.0000E+00  0.2812E-14  0.0000E+00  0.0000E+00  0.2449E+03 -0.3204E-02
    1 0.114080E-02 0.9483E+00 0.5167E-01 120.000   4.101 -0.8846E-02  0.9717E+00  0.1005E-16  0.5267E+02  0.1983E+00  0.4451E-01  0.2910E+01  0.1508E-01  0.8132E-10  0.8675E-12  0.9015E+00  0.8671E-02  0.1016E-11  0.3384E+01  0.0000E+00 -0.1646E-02 -0.3156E-06  0.0000E+00  0.0000E+00 -0.6286E-05  0.0000E+00  0.0000E+00  0.0000E+00  0.0000E+00  0.0000E+00  0.0000E+00  0.0000E+00  0.0000E+00  0.0000E+00  0.0000E+00  0.9953E-14  0.0000E+00  0.0000E+00  0.2449E+03 -0.3203E-02
    1 0.171119E-02 0.9483E+00 0.5170E-01 120.000   4.203 -0.1257E-01  0.9718E+00  0.1005E-16  0.5267E+02  0.1992E+00  0.4531E-01  0.2983E+01  0.1508E-01  0.6140E-10  0.8674E-12  0.9000E+00  0.8669E-02  0.1016E-11  0.3457E+01  0.0000E+00 -0.1748E-02 -0.4133E-06  0.0000E+00  0.0000E+00 -0.8966E-05  0.0000E+00  0.0000E+00  0.0000E+00  0.0000E+00  0.0000E+00  0.0000E+00  0.0000E+00  0.0000E+00  0.0000E+00  0.0000E+00  0.2537E-13  0.0000E+00  0.0000E+00  0.2449E+03 -0.3203E-02
    1 0.285199E-02 0.9482E+00 0.5177E-01 120.000   4.345 -0.1949E-01  0.9718E+00  0.1005E-16  0.5267E+02  0.2007E+00  0.4681E-01  0.2985E+01  0.1508E-01  0.2497E-10  0.8671E-12  0.9053E+00  0.8666E-02  0.1016E-11  0.3459E+01  0.0000E+00 -0.1755E-02 -0.5501E-06  0.0000E+00  0.0000E+00 -0.1398E-04  0.0000E+00  0.0000E+00  0.0000E+00  0.0000E+00  0.0000E+00  0.0000E+00  0.0000E+00  0.0000E+00  0.0000E+00  0.0000E+00  0.5364E-13  0.0000E+00  0.0000E+00  0.2449E+03 -0.3202E-02
    1 0.342239E-02 0.9482E+00 0.5181E-01 120.000   4.399 -0.2273E-01  0.9718E+00  0.1005E-16  0.5267E+02  0.2014E+00  0.4752E-01  0.2984E+01  0.1507E-01  0.1530E-10  0.8670E-12  0.9080E+00  0.8664E-02  0.1016E-11  0.3458E+01  0.0000E+00 -0.1755E-02 -0.5901E-06  0.0000E+00  0.0000E+00 -0.1635E-04  0.0000E+00  0.0000E+00  0.0000E+00  0.0000E+00  0.0000E+00  0.0000E+00  0.0000E+00  0.0000E+00  0.0000E+00  0.0000E+00  0.6114E-13  0.0000E+00  0.0000E+00  0.2449E+03 -0.3201E-02
    1 0.456319E-02 0.9481E+00 0.5188E-01 120.000   4.483 -0.2881E-01  0.9718E+00  0.1006E-16  0.5267E+02  0.2027E+00  0.4885E-01  0.2981E+01  0.1507E-01  0.6669E-11  0.8667E-12  0.9130E+00  0.8660E-02  0.1015E-11  0.3455E+01  0.0000E+00 -0.1755E-02 -0.6046E-06  0.0000E+00  0.0000E+00 -0.2084E-04  0.0000E+00  0.0000E+00  0.0000E+00  0.0000E+00  0.0000E+00  0.0000E+00  0.0000E+00  0.0000E+00  0.0000E+00  0.0000E+00  0.6785E-13  0.0000E+00  0.0000E+00  0.2449E+03 -0.3201E-02
    1 0.547582E-02 0.9481E+00 0.5193E-01 120.000   4.538 -0.3344E-01  0.9718E+00  0.1006E-16  0.5267E+02  0.2036E+00  0.4988E-01  0.2979E+01  0.1506E-01  0.3465E-11  0.8665E-12  0.9167E+00  0.8657E-02  0.1015E-11  0.3453E+01  0.0000E+00 -0.1755E-02 -0.5813E-06  0.0000E+00  0.0000E+00 -0.2429E-04  0.0000E+00  0.0000E+00  0.0000E+00  0.0000E+00  0.0000E+00  0.0000E+00  0.0000E+00  0.0000E+00  0.0000E+00  0.0000E+00  0.7034E-13  0.0000E+00  0.0000E+00  0.2449E+03 -0.3200E-02
    1 0.570398E-02 0.9481E+00 0.5195E-01 120.000   4.551 -0.3458E-01  0.9718E+00  0.1006E-16  0.5267E+02  0.2039E+00  0.5013E-01  0.2979E+01  0.1506E-01  0.2852E-11  0.8664E-12  0.9177E+00  0.8657E-02  0.1015E-11  0.3452E+01  0.0000E+00 -0.1755E-02 -0.5733E-06  0.0000E+00  0.0000E+00 -0.2514E-04  0.0000E+00  0.0000E+00  0.0000E+00  0.0000E+00  0.0000E+00  0.0000E+00  0.0000E+00  0.0000E+00  0.0000E+00  0.0000E+00  0.7082E-13  0.0000E+00  0.0000E+00  0.2449E+03 -0.3200E-02
    1 0.821373E-02 0.9479E+00 0.5210E-01 120.000   4.658 -0.4593E-01  0.9718E+00  0.1006E-16  0.5267E+02  0.2062E+00  0.5267E-01  0.2973E+01  0.1505E-01  0.7048E-12  0.8658E-12  0.9269E+00  0.8648E-02  0.1014E-11  0.3446E+01  0.0000E+00 -0.1755E-02 -0.3038E-06  0.0000E+00  0.0000E+00 -0.3379E-04  0.0000E+00  0.0000E+00  0.0000E+00  0.0000E+00  0.0000E+00  0.0000E+00  0.0000E+00  0.0000E+00  0.0000E+00  0.0000E+00  0.7249E-13  0.0000E+00  0.0000E+00  0.2448E+03 -0.3197E-02
    1 0.912637E-02 0.9478E+00 0.5215E-01 120.000   4.687 -0.4960E-01  0.9718E+00  0.1006E-16  0.5267E+02  0.2069E+00  0.5351E-01  0.2971E+01  0.1505E-01  0.4698E-12  0.8656E-12  0.9299E+00  0.8645E-02  0.1014E-11  0.3444E+01  0.0000E+00 -0.1755E-02 -0.1386E-06  0.3360E-14  0.0000E+00 -0.3665E-04  0.0000E+00  0.0000E+00  0.0000E+00  0.0000E+00  0.0000E+00  0.0000E+00  0.0000E+00  0.0000E+00  0.0000E+00  0.0000E+00  0.7267E-13  0.0000E+00  0.0000E+00  0.2448E+03 -0.3197E-02
    1 0.123206E-01 0.9477E+00 0.5235E-01 120.000   4.761 -0.6003E-01  0.9718E+00  0.1006E-16  0.5267E+02  0.2087E+00  0.5596E-01  0.2964E+01  0.1504E-01  0.1806E-12  0.8648E-12  0.9384E+00  0.8634E-02  0.1013E-11  0.3436E+01  0.0000E+00 -0.1755E-02  0.7499E-06  0.5131E-13  0.0000E+00 -0.4516E-04  0.0000E+00  0.0000E+00  0.0000E+00  0.0000E+00  0.0000E+00  0.0000E+00  0.0000E+00  0.0000E+00  0.0000E+00  0.0000E+00  0.7290E-13  0.0000E+00  0.0000E+00  0.2447E+03 -0.3194E-02
    1 0.136896E-01 0.9476E+00 0.5243E-01 120.000   4.783 -0.6357E-01  0.9718E+00  0.1006E-16  0.5267E+02  0.2093E+00  0.5683E-01  0.2961E+01  0.1503E-01  0.1348E-12  0.8644E-12  0.9413E+00  0.8630E-02  0.1013E-11  0.3433E+01  0.0000E+00 -0.1755E-02  0.1238E-05  0.8474E-13  0.0000E+00 -0.4820E-04  0.0000E+00  0.0000E+00  0.0000E+00  0.0000E+00  0.0000E+00  0.0000E+00  0.0000E+00  0.0000E+00  0.0000E+00  0.0000E+00  0.7294E-13  0.0000E+00  0.0000E+00  0.2447E+03 -0.3192E-02
    1 0.164275E-01 0.9474E+00 0.5260E-01 120.000   4.813 -0.6870E-01  0.9718E+00  0.1006E-16  0.5267E+02  0.2099E+00  0.5818E-01  0.2954E+01  0.1502E-01  0.9580E-13  0.8637E-12  0.9455E+00  0.8620E-02  0.1012E-11  0.3427E+01  0.0000E+00 -0.1755E-02  0.2412E-05  0.1766E-12  0.0000E+00 -0.5303E-04  0.0000E+00  0.0000E+00  0.0000E+00  0.0000E+00  0.0000E+00  0.0000E+00  0.0000E+00  0.0000E+00  0.0000E+00  0.0000E+00  0.7297E-13  0.0000E+00  0.0000E+00  0.2446E+03 -0.3190E-02
    1 0.205343E-01 0.9472E+00 0.5285E-01 120.000   4.837 -0.7337E-01  0.9718E+00  0.1006E-16  0.5267E+02  0.2100E+00  0.5958E-01  0.2945E+01  0.1500E-01  0.7460E-13  0.8626E-12  0.9493E+00  0.8606E-02  0.1010E-11  0.3416E+01  0.0000E+00 -0.1755E-02  0.4453E-05  0.3518E-12  0.0000E+00 -0.5827E-04  0.0000E+00  0.0000E+00  0.0000E+00  0.0000E+00  0.0000E+00  0.0000E+00  0.0000E+00  0.0000E+00  0.0000E+00  0.0000E+00  0.7298E-13  0.0000E+00  0.0000E+00  0.2446E+03 -0.3185E-02
    1 0.205343E-01 0.9472E+00 0.5285E-01 120.000   4.837 -0.7337E-01  0.9718E+00  0.1006E-16  0.5267E+02  0.2100E+00  0.5958E-01  0.2945E+01  0.1500E-01  0.7459E-13  0.8625E-12  0.9494E+00  0.8605E-02  0.1010E-11  0.3416E+01  0.0000E+00 -0.1755E-02  0.4453E-05  0.3518E-12  0.0000E+00 -0.5827E-04  0.0000E+00  0.0000E+00  0.0000E+00  0.0000E+00  0.0000E+00  0.0000E+00  0.0000E+00  0.0000E+00  0.0000E+00  0.0000E+00  0.7298E-13  0.0000E+00  0.0000E+00  0.2446E+03 -0.3185E-02
    1 0.205345E-01 0.9472E+00 0.5285E-01 120.000   4.837 -0.7337E-01  0.9718E+00  0.1006E-16  0.5267E+02  0.2100E+00  0.5958E-01  0.2945E+01  0.1500E-01  0.7459E-13  0.8625E-12  0.9494E+00  0.8605E-02  0.1010E-11  0.3416E+01  0.0000E+00 -0.1755E-02  0.4453E-05  0.3519E-12  0.0000E+00 -0.5827E-04  0.0000E+00  0.0000E+00  0.0000E+00  0.0000E+00  0.0000E+00  0.0000E+00  0.0000E+00  0.0000E+00  0.0000E+00  0.0000E+00  0.7298E-13  0.0000E+00  0.0000E+00  0.2446E+03 -0.3185E-02
    1 0.246412E-01 0.9469E+00 0.5310E-01 120.000   4.851 -0.7653E-01  0.9718E+00  0.1006E-16  0.5267E+02  0.2098E+00  0.6067E-01  0.2935E+01  0.1498E-01  0.6485E-13  0.8614E-12  0.9520E+00  0.8590E-02  0.1009E-11  0.3406E+01  0.0000E+00 -0.1755E-02  0.6631E-05  0.5453E-12  0.0000E+00 -0.6250E-04  0.0000E+00  0.0000E+00  0.0000E+00  0.0000E+00  0.0000E+00  0.0000E+00  0.0000E+00  0.0000E+00  0.0000E+00  0.0000E+00  0.7299E-13  0.0000E+00  0.0000E+00  0.2445E+03 -0.3181E-02
    1 0.273791E-01 0.9467E+00 0.5326E-01 120.000   4.856 -0.7765E-01  0.9718E+00  0.1006E-16  0.5267E+02  0.2094E+00  0.6120E-01  0.2929E+01  0.1496E-01  0.6250E-13  0.8606E-12  0.9529E+00  0.8580E-02  0.1008E-11  0.3399E+01  0.0000E+00 -0.1755E-02  0.8166E-05  0.6868E-12  0.0000E+00 -0.6467E-04  0.0000E+00  0.0000E+00  0.0000E+00  0.0000E+00  0.0000E+00  0.0000E+00  0.0000E+00  0.0000E+00  0.0000E+00  0.0000E+00  0.7299E-13  0.0000E+00  0.0000E+00  0.2444E+03 -0.3178E-02
    1 0.342239E-01 0.9463E+00 0.5368E-01 120.000   4.860 -0.7919E-01  0.9718E+00  0.1006E-16  0.5267E+02  0.2082E+00  0.6225E-01  0.2913E+01  0.1493E-01  0.5988E-13  0.8586E-12  0.9543E+00  0.8555E-02  0.1006E-11  0.3382E+01  0.0000E+00 -0.1755E-02  0.1210E-04  0.1061E-11  0.0000E+00 -0.6925E-04  0.0000E+00  0.0000E+00  0.0000E+00  0.0000E+00  0.0000E+00  0.0000E+00  0.0000E+00  0.0000E+00  0.0000E+00  0.0000E+00  0.7299E-13  0.0000E+00  0.0000E+00  0.2443E+03 -0.3170E-02
    1 0.410687E-01 0.9459E+00 0.5409E-01 120.000   4.860 -0.8011E-01  0.9718E+00  0.1006E-16  0.5267E+02  0.2068E+00  0.6317E-01  0.2898E+01  0.1490E-01  0.5870E-13  0.8567E-12  0.9551E+00  0.8531E-02  0.1004E-11  0.3366E+01  0.0000E+00 -0.1755E-02  0.1611E-04  0.1451E-11  0.0000E+00 -0.7341E-04  0.0000E+00  0.0000E+00  0.0000E+00  0.0000E+00  0.0000E+00  0.0000E+00  0.0000E+00  0.0000E+00  0.0000E+00  0.0000E+00  0.7299E-13  0.0000E+00  0.0000E+00  0.2441E+03 -0.3164E-02
