    Geochemical state variables at restart time (s):
0.12960000E+07
     Concentration of primary species mol/kgw :
 0.55508680E+02 0.21049096E-04 0.17511546E+00 0.48445396E-01 0.20622927E+01 0.13106522E-01
 0.12922077E-13 0.88660953E-12 0.46698282E-01 0.34569161E-02 0.63685358E-13 0.25098635E+01
 0.26661027E-05
 0.55508680E+02 0.16725067E-06 0.18340428E+00 0.35442275E-01 0.13813911E+01 0.14100028E-01
 0.61174724E-18 0.79922371E-12 0.25861252E-02 0.32237139E-02 0.68778458E-12 0.18449361E+01
 0.27393637E-05
     pH :
  4.860330
  6.965519
     Concentration of secondary species mol/kgw :
 0.10385092E-06 0.43743292E-14 0.10614516E-12 0.45185724E-13 0.84252775E-14 0.29912901E-13
 0.78248604E-12 0.11873600E-01 0.13176040E-01 0.54454098E-03 0.92702060E+00 0.32226173E-14
 0.66514561E-15 0.19625911E-19 0.38730067E-13 0.11003772E-01 0.13593511E-01 0.39552973E-02
 0.91467009E+00 0.37401393E-05 0.29180543E-04 0.22901763E-02 0.11662609E-01 0.14183772E-02
 0.33805859E-02 0.42352695E-04 0.13674248E-14 0.64077130E-07 0.67699254E-07 0.46016266E-07
 0.56534625E-16 0.53047654E-14 0.14334540E-97 0.23390711E-96 0.10962876-101 0.26602909E-31
 0.25182027-105 0.10876466E-34 0.16514871E-32
 0.14514797E-04 0.98222794E-22 0.86832247E-14 0.30579403E-12 0.32530821E-19 0.19632912E-16
 0.66507111E-13 0.11368401E-01 0.87549918E-02 0.85161322E-03 0.42700753E+00 0.13757436E-18
 0.21567943E-20 0.79318863E-23 0.45751828E-18 0.38499133E-03 0.98858010E-03 0.19718847E-03
 0.41128340E-03 0.20533417E-04 0.26450156E-03 0.17085798E-02 0.76548182E-02 0.15206377E-02
 0.26940791E-02 0.54666292E-04 0.10594904E-12 0.11448048E-04 0.58189076E-05 0.21254592E-06
 0.72627953E-14 0.14686672E-20 0.13067105E-99 0.17859204-100 0.50405377-105 0.30121616E-31
 0.42664824-112 0.83244407E-39 0.15694960E-34
     Water Activity :
  0.90377426
  0.93901088
     Initial mineral amount mol/dm^3 :
 0.00000000000000E+00 0.64963908939478E-01 0.15432934423566E-01 0.00000000000000E+00
 0.00000000000000E+00 0.45210906548590E+00 0.00000000000000E+00 0.00000000000000E+00
 0.00000000000000E+00 0.00000000000000E+00 0.00000000000000E+00 0.00000000000000E+00
 0.00000000000000E+00 0.00000000000000E+00 0.00000000000000E+00 0.00000000000000E+00
 0.00000000000000E+00 0.00000000000000E+00 0.00000000000000E+00-0.14250000000000E-02
 0.00000000000000E+00 0.00000000000000E+00 0.00000000000000E+00 0.00000000000000E+00
 0.00000000000000E+00 0.00000000000000E+00 0.00000000000000E+00 0.00000000000000E+00
 0.00000000000000E+00 0.00000000000000E+00 0.00000000000000E+00 0.00000000000000E+00
 0.00000000000000E+00 0.00000000000000E+00 0.00000000000000E+00 0.00000000000000E+00
 0.00000000000000E+00 0.00000000000000E+00 0.00000000000000E+00 0.00000000000000E+00
     Current mineral amount mol/dm^3 :
 0.00000000000000E+00 0.00000000000000E+00 0.15869037741934E-01 0.51774461786987E-10
 0.00000000000000E+00 0.45096851719425E+00 0.00000000000000E+00 0.00000000000000E+00
 0.00000000000000E+00 0.00000000000000E+00 0.00000000000000E+00 0.00000000000000E+00
 0.00000000000000E+00 0.00000000000000E+00 0.00000000000000E+00 0.00000000000000E+00
 0.24110776690910E-11 0.00000000000000E+00 0.00000000000000E+00
 0.74855595312215E-03 0.00000000000000E+00 0.12699843481529E-05 0.31429398643496E-10
 0.00000000000000E+00 0.10780827990552E-07 0.00000000000000E+00 0.00000000000000E+00
 0.00000000000000E+00 0.00000000000000E+00 0.00000000000000E+00 0.00000000000000E+00
 0.00000000000000E+00 0.00000000000000E+00 0.00000000000000E+00 0.00000000000000E+00
 0.47762094912519E-10 0.00000000000000E+00 0.00000000000000E+00
      Gas partial pressure :
 0.24410608E+03
 0.54924596E-01
   Residual Solute after Dryout moles/dm^3 :
 0.00000000E+00 0.00000000E+00 0.00000000E+00 0.00000000E+00 0.00000000E+00 0.00000000E+00
 0.00000000E+00 0.00000000E+00 0.00000000E+00 0.00000000E+00 0.00000000E+00 0.00000000E+00
 0.00000000E+00
 0.00000000E+00 0.00000000E+00 0.00000000E+00 0.00000000E+00 0.00000000E+00 0.00000000E+00
 0.00000000E+00 0.00000000E+00 0.00000000E+00 0.00000000E+00 0.00000000E+00 0.00000000E+00
 0.00000000E+00
  UT   Concentration of primary species mol/L :
 0.53821186E+02 0.90171018E+00 0.21129834E+00 0.64554731E-01 0.29611779E+01 0.15220498E-01
 0.59983384E-13 0.87546262E-12 0.97594028E+00 0.87175959E-02 0.10254897E-11 0.34396719E+01
 0.26283618E-05
 0.53110806E+02 0.90343167E-04 0.19676172E+00 0.42879290E-01 0.17332428E+01 0.15178113E-01
 0.11581910E-17 0.87302596E-12 0.46437891E-02 0.79842884E-02 0.10226259E-11 0.22104047E+01
 0.26210461E-05
   CO2 trapped in the solid phase :
-0.80108534608798E-01
 0.57345653903664E-04
  Number of Grains :
 0.64102564102564E-04 0.19736842105263E-03 0.37500000000000E+01 0.37500000000000E+01
 0.38659793814433E-05 0.37500000000000E+01 0.37500000000000E+01 0.37500000000000E+01
 0.37500000000000E+01 0.37500000000000E+01 0.10000000000000E+01 0.37500000000000E+01
 0.37500000000000E+01 0.37500000000000E+01 0.37500000000000E+01 0.37500000000000E+01
 0.37500000000000E+01 0.37500000000000E+01
 0.10000000000000E+01 0.10000000000000E+01 0.10000000000000E+01 0.10000000000000E+01
 0.10000000000000E+01 0.10000000000000E+01 0.10000000000000E+01 0.10000000000000E+01
 0.10000000000000E+01 0.10000000000000E+01 0.10000000000000E+01 0.10000000000000E+01
 0.10000000000000E+01 0.10000000000000E+01 0.10000000000000E+01 0.10000000000000E+01
 0.10000000000000E+01 0.10000000000000E+01
